1	1	22.54783892
1	2	-12.45802041
1	3	-3.110371378
1	4	5.05E+00
1	5	5.456842326
1	6	9.72E+00
1	7	4.975061506
1	8	1.31E+01
1	9	22.11056511
1	10	-4.81E+00
1	11	2.735564487
1	12	0.177717524
1	13	-2.264251748
1	14	-2.185134886
1	15	-1.920963986
1	16	-4.854204129
1	17	-1.205766108
1	18	-5.870651036
1	19	-12.88106661
2	1	-12.45802041
2	2	15.06355237
2	3	-2.213160753
2	4	-2.139839005
2	5	-2.648637485
2	6	-3.456042891
2	7	-2.866379524
2	8	-5.080819429
2	9	-6.475337453
2	10	1.303670074
2	11	-1.03009451
2	12	0.550119046
2	13	2.87E-03
2	14	0.504509771
2	15	0.490812616
2	16	1.065189436
2	17	0.376394205
2	18	1.361505146
2	19	2.655538157
3	1	-3.110371378
3	2	-2.213160753
3	3	7.652810005
3	4	-1.191686324
3	5	-1.265480251
3	6	-2.450535367
3	7	-1.104671891
3	8	-3.345045059
3	9	-5.613638853
3	10	1.514278368
3	11	-1.165103055
3	12	0.563432017
3	13	0.106710995
3	14	5.96E-01
3	15	0.574887458
3	16	1.264907962
3	17	0.434176981
3	18	1.609096818
3	19	3.17E+00
4	1	5.047044532
4	2	-2.139839005
4	3	-1.191686324
4	4	1.187531936
4	5	1.26E+00
4	6	2.332996079
4	7	1.120892359
4	8	3.12455918
4	9	5.40E+00
4	10	-1.188025681
4	11	0.666696845
4	12	6.31E-02
4	13	-0.579722548
4	14	-0.542654126
4	15	-0.475579368
4	16	-1.207232611
4	17	-0.296385427
4	18	-1.457754196
4	19	-3.208828059
5	1	5.456842326
5	2	-2.648637485
5	3	-1.265480251
5	4	1.262216446
5	5	1.358636561
5	6	2.448626181
5	7	1.229474028
5	8	3.301779547
5	9	5.593234703
5	10	-1.229874479
5	11	0.710437917
5	12	2.35E-02
5	13	-0.557696147
5	14	-0.555602686
5	15	-0.490245716
5	16	-1.232148884
5	17	-0.310331024
5	18	-1.492980082
5	19	-3.26307683
6	1	9.716757325
6	2	-3.46E+00
6	3	-2.450535367
6	4	2.332996079
6	5	2.448626181
6	6	4.64260983
6	7	2.132119254
6	8	6.178540516
6	9	10.86824678
6	10	-2.40487462
6	11	1.322216556
6	12	1.85E-01
6	13	-1.231774088
6	14	-1.106812349
6	15	-0.965553072
6	16	-2.467540629
6	17	-0.595289248
6	18	-2.972714996
6	19	-6.57480996
7	1	4.975061506
7	2	-2.866379524
7	3	-1.104671891
7	4	1.120892359
7	5	1.229474028
7	6	2.132119254
7	7	1.143220117
7	8	2.90522887
7	9	4.773407761
7	10	-1.045082048
7	11	0.629564924
7	12	-3.36E-02
7	13	-0.419403627
7	14	-0.464241765
7	15	-0.413908575
7	16	-1.024520835
7	17	-0.268161873
7	18	-1.248040572
7	19	-2.697729176
8	1	13.11682931
8	2	-5.080819429
8	3	-3.345045059
8	4	3.12455918
8	5	3.301779547
8	6	6.178540516
8	7	2.90522887
8	8	8.252553655
8	9	1.44E+01
8	10	-3.184318205
8	11	1.782781166
8	12	0.178443318
8	13	-1.564471171
8	14	-1.46E+00
8	15	-1.275223945
8	16	-3.239463551
8	17	-0.793805914
8	18	-3.910752016
8	19	-8.61E+00
9	1	22.11056511
9	2	-6.475337453
9	3	-5.613638853
9	4	5.396825604
9	5	5.593234703
9	6	10.86824678
9	7	4.773407761
9	8	14.37104422
9	9	25.73604315
9	10	-5.703516914
9	11	3.053400942
9	12	0.608524111
9	13	-3.094613108
9	14	-2.650071436
9	15	-2.298464568
9	16	-5.923802944
9	17	-1.39758744
9	18	-7.115890129
9	19	-15.83231271
10	1	-4.808687296
10	2	1.303670074
10	3	1.514278368
10	4	-1.188025681
10	5	-1.229874479
10	6	-2.40487462
10	7	-1.045082048
10	8	-3.184318205
10	9	-5.703516914
10	10	14.56016314
10	11	-0.611020776
10	12	-1.09377623
10	13	0.412714766
10	14	7.887765692
10	15	4.150368451
10	16	1.92E+01
10	17	-0.733877903
10	18	18.01606816
10	19	59.16747768
10	20	-3.698462026
10	21	2.23E+00
10	22	-0.127902023
10	23	-1.459228005
10	24	-2.271298379
10	25	0.276855386
10	26	-6.11E+00
10	27	2.705406574
10	28	-3.003580098
10	29	-22.2038198
11	1	2.735564487
11	2	-1.03009451
11	3	-1.165103055
11	4	0.666696845
11	5	0.710437917
11	6	1.322216556
11	7	0.629564924
11	8	1.782781166
11	9	3.053400942
11	10	-0.611020776
11	11	5.895790682
11	12	3.22E-03
11	13	-3.042399039
11	14	0.590449931
11	15	-1.513717704
11	16	2.485766793
11	17	-3.349644146
11	18	-0.830380285
11	19	12.42588229
11	20	-2.229869452
11	21	1.22581451
11	22	0.169688465
11	23	-1.135613442
11	24	-1.359654483
11	25	0.239168955
11	26	-3.669187706
11	27	1.734730458
11	28	-1.668107208
11	29	-13.47996146
12	1	0.177717524
12	2	0.550119046
12	3	5.63E-01
12	4	6.31E-02
12	5	2.35E-02
12	6	0.184648305
12	7	-3.36E-02
12	8	1.78E-01
12	9	0.608524111
12	10	-1.09377623
12	11	3.22E-03
12	12	3.383471114
12	13	-5.87E-02
12	14	-0.87531177
12	15	-0.834850266
12	16	-2.143216666
12	17	-0.47594725
12	18	-2.82305648
12	19	-5.910260181
12	20	-0.129209462
12	21	-0.168914448
12	22	0.506359493
12	23	-0.569947899
12	24	-5.86E-02
12	25	0.1609613
12	26	-0.187344804
12	27	0.310854553
12	28	0.194986111
12	29	-0.965273235
13	1	-2.264251748
13	2	2.87E-03
13	3	0.106710995
13	4	-0.579722548
13	5	-0.557696147
13	6	-1.231774088
13	7	-0.419403627
13	8	-1.564471171
13	9	-3.09E+00
13	10	0.412714766
13	11	-3.042399039
13	12	-5.87E-02
13	13	4.217614571
13	14	-0.268774657
13	15	0.822273367
13	16	-1.245773855
13	17	1.796264901
13	18	0.489074515
13	19	-6.46E+00
13	20	1.457543332
13	21	-1.134355136
13	22	0.56934548
13	23	7.44E-02
13	24	9.18E-01
13	25	4.90E-02
13	26	2.436290456
13	27	-0.84152409
13	28	1.499411386
13	29	8.56E+00
14	1	-2.185134886
14	2	0.504509771
14	3	0.596032716
14	4	-0.542654126
14	5	-0.555602686
14	6	-1.106812349
14	7	-0.464241765
14	8	-1.45579977
14	9	-2.650071436
14	10	7.887765692
14	11	0.590449931
14	12	-0.87531177
14	13	-0.268774657
14	14	4.44100395
14	15	2.082648421
14	16	10.98435997
14	17	-0.882274053
14	18	9.87195317
14	19	34.51089077
14	20	-2.344589369
14	21	1.417576136
14	22	-8.97E-02
14	23	-0.91719953
14	24	-1.440261083
14	25	0.172802834
14	26	-3.870935476
14	27	1.711236122
14	28	-1.909517616
14	29	-14.07283704
15	1	-1.920963986
15	2	0.490812616
15	3	0.574887458
15	4	-0.475579368
15	5	-0.490245716
15	6	-9.66E-01
15	7	-0.413908575
15	8	-1.275223945
15	9	-2.298464568
15	10	4.150368451
15	11	-1.51E+00
15	12	-0.834850266
15	13	0.822273367
15	14	2.082648421
15	15	1.574773071
15	16	4.84E+00
15	17	0.652078641
15	18	5.389616086
15	19	13.68150244
15	20	-0.439626507
15	21	0.330386305
15	22	-0.151101886
15	23	-3.40E-02
15	24	-0.275434049
15	25	-7.11E-03
15	26	-0.732424358
15	27	0.264283092
15	28	-0.436247809
15	29	-2.588528996
16	1	-4.854204129
16	2	1.065189436
16	3	1.264907962
16	4	-1.207232611
16	5	-1.232148884
16	6	-2.467540629
16	7	-1.024520835
16	8	-3.239463551
16	9	-5.923802944
16	10	19.21635185
16	11	2.485766793
16	12	-2.143216666
16	13	-1.245773855
16	14	10.98435997
16	15	4.835199182
16	16	27.35038375
16	17	-2.75327759
16	18	24.04003922
16	19	86.74666207
16	20	-6.142725426
16	21	3.698065501
16	22	-2.02E-01
16	23	-2.438044944
16	24	-3.772127273
16	25	0.462442983
16	26	-10.14015037
16	27	4.50E+00
16	28	-4.983703556
16	29	-36.88291162
17	1	-1.21E+00
17	2	0.376394205
17	3	4.34E-01
17	4	-0.296385427
17	5	-0.310331024
17	6	-0.595289248
17	7	-0.268161873
17	8	-0.793805914
17	9	-1.39758744
17	10	-0.733877903
17	11	-3.349644146
17	12	-0.47594725
17	13	1.796264901
17	14	-0.882274053
17	15	0.652078641
17	16	-2.75327759
17	17	2.078918023
17	18	-0.61976762
17	19	-11.35125402
17	20	1.640653452
17	21	-0.888029631
17	22	-0.153554948
17	23	8.65E-01
17	24	0.999211345
17	25	-0.184481713
17	26	2.698183508
17	27	-1.288515505
17	28	1.210454741
17	29	9.928683901
18	1	-5.870651036
18	2	1.361505146
18	3	1.609096818
18	4	-1.457754196
18	5	-1.492980082
18	6	-2.972714996
18	7	-1.248040572
18	8	-3.910752016
18	9	-7.12E+00
18	10	18.01606816
18	11	-0.830380285
18	12	-2.82305648
18	13	0.489074515
18	14	9.87E+00
18	15	5.389616086
18	16	24.04003922
18	17	-0.61976762
18	18	22.95082856
18	19	7.36E+01
18	20	-4.362524675
18	21	2.747845026
18	22	-0.395675811
18	23	-1.472494254
18	24	-2.689070752
18	25	0.254067008
18	26	-7.21E+00
18	27	3.087493293
18	28	-3.686595045
18	29	-26.09968433
19	1	-12.88106661
19	2	2.655538157
19	3	3.17277699
19	4	-3.208828059
19	5	-3.26307683
19	6	-6.57480996
19	7	-2.697729176
19	8	-8.612801616
19	9	-15.83231271
19	10	59.16747768
19	11	12.42588229
19	12	-5.910260181
19	13	-6.461126043
19	14	3.45E+01
19	15	13.68150244
19	16	86.74666207
19	17	-1.14E+01
19	18	73.64174903
19	19	278.9450612
19	20	-20.96598818
19	21	12.49296995
19	22	-0.419329777
19	23	-8.599096267
19	24	-12.86412029
19	25	1.657264619
19	26	-34.59675956
19	27	15.4629931
19	28	-16.85408194
19	29	-125.9875176
20	10	-3.698462026
20	11	-2.229869452
20	12	-0.129209462
20	13	1.457543332
20	14	-2.344589369
20	15	-4.40E-01
20	16	-6.142725426
20	17	1.640653452
20	18	-4.362524675
20	19	-20.96598818
20	20	11.99777854
20	21	-0.153558136
20	22	-0.591080361
20	23	0.101028068
20	24	5.36619588
20	25	-6.515964769
20	26	14.66881794
20	27	-14.62349165
20	28	-4.013022565
20	29	61.98364306
20	30	-3.746732583
20	31	2.27E+00
20	32	-1.47E-01
20	33	-1.457956886
20	34	-0.314874616
20	35	5.029594037
20	36	-0.890784275
20	37	7.121616678
20	38	9.03123365
20	39	-10.0614567
21	10	2.229302895
21	11	1.22581451
21	12	-0.168914448
21	13	-1.134355136
21	14	1.417576136
21	15	0.330386305
21	16	3.698065501
21	17	-0.888029631
21	18	2.747845026
21	19	12.49296995
21	20	-0.153558136
21	21	5.376793063
21	22	-8.06E-04
21	23	-2.713868296
21	24	-1.663633822
21	25	-4.222068823
21	26	-4.324348884
21	27	-4.176731485
21	28	-10.58948247
21	29	-9.325259065
21	30	-2.266838476
21	31	1.254106905
21	32	0.155387325
21	33	-1.135449307
21	34	-0.127336681
21	35	3.148942021
21	36	-0.360790764
21	37	4.370145623
21	38	5.758924754
21	39	-5.562129165
22	10	-0.127902023
22	11	0.169688465
22	12	0.506359493
22	13	0.56934548
22	14	-8.97E-02
22	15	-0.151101886
22	16	-0.20163961
22	17	-0.153554948
22	18	-0.395675811
22	19	-0.419329777
22	20	-0.591080361
22	21	-8.06E-04
22	22	3.116402277
22	23	-1.45E-02
22	24	-0.572731639
22	25	1.11E-01
22	26	-1.69E+00
22	27	0.939186751
22	28	-0.738898921
22	29	-6.646550378
22	30	-0.147948724
22	31	-0.155056642
22	32	0.500223898
22	33	-0.571295057
22	34	0.119713937
22	35	0.419644473
22	36	0.337567189
22	37	0.408697452
22	38	0.972082257
22	39	0.702830122
23	10	-1.459228005
23	11	-1.135613442
23	12	-5.70E-01
23	13	7.44E-02
23	14	-0.91719953
23	15	-3.40E-02
23	16	-2.438044944
23	17	0.864642578
23	18	-1.472494254
23	19	-8.599096267
23	20	0.101028068
23	21	-2.713868296
23	22	-1.45E-02
23	23	3.930103581
23	24	0.85711347
23	25	2.162225146
23	26	2.233878456
23	27	2.151194469
23	28	5.474071028
23	29	4.823302778
23	30	1.46E+00
23	31	-1.134911928
23	32	0.571038656
23	33	7.21E-02
23	34	0.26027877
23	35	-1.727204422
23	36	0.735311468
23	37	-2.639559482
23	38	-2.874269164
23	39	5.063947793
24	10	-2.271298379
24	11	-1.359654483
24	12	-5.86E-02
24	13	0.917741957
24	14	-1.440261083
24	15	-0.275434049
24	16	-3.772127273
24	17	0.999211345
24	18	-2.689070752
24	19	-1.29E+01
24	20	5.37E+00
24	21	-1.663633822
24	22	-0.572731639
24	23	0.85711347
24	24	2.904720589
24	25	-1.614869422
24	26	7.886682491
24	27	-5.266806688
24	28	1.458995888
24	29	30.61803607
24	30	-0.954175769
24	31	0.635823044
24	32	-0.159401182
24	33	-0.245988096
24	34	-0.111794412
24	35	1.22792353
24	36	-0.315995546
24	37	1.783004955
24	38	2.152562203
24	39	-2.825254064
25	10	0.276855386
25	11	0.239168955
25	12	0.1609613
25	13	4.90E-02
25	14	0.172802834
25	15	-7.11E-03
25	16	0.462442983
25	17	-0.184481713
25	18	0.254067008
25	19	1.657264619
25	20	-6.515964769
25	21	-4.222068823
25	22	0.111415222
25	23	2.162225146
25	24	-1.614869422
25	25	7.003551945
25	26	-4.584315459
25	27	11.42403018
25	28	10.77227017
25	29	-26.57640229
25	30	3.918061839
25	31	-2.264530797
25	32	-6.64E-02
25	33	1.752962094
25	34	0.272305043
25	35	-5.355130937
25	36	0.770853219
25	37	-7.502674424
25	38	-9.710127296
25	39	10.04785398
26	10	-6.10529196
26	11	-3.669187706
26	12	-0.187344804
26	13	2.44E+00
26	14	-3.87E+00
26	15	-0.732424358
26	16	-10.14015037
26	17	2.698183508
26	18	-7.213934487
26	19	-34.59675956
26	20	14.66881794
26	21	-4.324348884
26	22	-1.692153159
26	23	2.233878456
26	24	7.886682491
26	25	-4.584315459
26	26	21.42679526
26	27	-14.58701026
26	28	3.585321906
26	29	83.4892341
26	30	-2.69E+00
26	31	1.791663587
26	32	-0.447780703
26	33	-6.95E-01
26	34	-0.314767695
26	35	3.462155817
26	36	-0.889718585
26	37	5.026666651
26	38	6.069856197
26	39	-7.961235995
27	10	2.705406574
27	11	1.734730458
27	12	0.310854553
27	13	-0.84152409
27	14	1.711236122
27	15	0.264283092
27	16	4.497307565
27	17	-1.288515505
27	18	3.09E+00
27	19	15.4629931
27	20	-14.62349165
27	21	-4.18E+00
27	22	0.939186751
27	23	2.15E+00
27	24	-5.266806688
27	25	11.42403018
27	26	-14.58701026
27	27	21.38358
27	28	13.46906755
27	29	-68.86977476
27	30	6.431568742
27	31	-3.820873855
27	32	0.106471657
27	33	2.656165353
27	34	0.502886419
27	35	-8.696901282
27	36	1.423010172
27	37	-1.23E+01
27	38	-1.57E+01
27	39	16.95870328
28	10	-3.003580098
28	11	-1.668107208
28	12	0.194986111
28	13	1.499411386
28	14	-1.909517616
28	15	-0.436247809
28	16	-4.983703556
28	17	1.210454741
28	18	-3.686595045
28	19	-16.85408194
28	20	-4.013022565
28	21	-10.58948247
28	22	-0.738898921
28	23	5.474071028
28	24	1.458995888
28	25	10.77227017
28	26	3.585321906
28	27	13.46906755
28	28	22.70981058
28	29	-2.728742992
28	30	5.957276421
28	31	-3.313460784
28	32	-0.371094737
28	33	2.944260243
28	34	0.344117688
28	35	-8.259498107
28	36	0.974879666
28	37	-11.47546434
28	38	-15.09013971
28	39	14.69598205
29	10	-22.2038198
29	11	-13.47996146
29	12	-0.965273235
29	13	8.564656508
29	14	-1.41E+01
29	15	-2.588528996
29	16	-36.88291162
29	17	9.928683901
29	18	-26.09968433
29	19	-125.9875176
29	20	61.98364306
29	21	-9.325259065
29	22	-6.646550378
29	23	4.823302778
29	24	30.61803607
29	25	-26.57640229
29	26	83.4892341
29	27	-68.86977476
29	28	-2.728742992
29	29	337.9800794
29	30	-15.28687995
29	31	9.72E+00
29	32	-1.58E+00
29	33	-4.949178517
29	34	-1.538288713
29	35	20.09636043
29	36	-4.349673502
29	37	28.81108474
29	38	35.66573568
29	39	-43.16126322
30	20	-3.746732583
30	21	-2.266838476
30	22	-0.147948724
30	23	1.457236302
30	24	-0.954175769
30	25	3.918061839
30	26	-2.68981473
30	27	6.431568742
30	28	5.96E+00
30	29	-15.28687995
30	30	10.99134242
30	31	-8.35E-02
30	32	-0.35935751
30	33	5.58E-02
30	34	-3.598857629
30	35	-20.26579013
30	36	-10.0120806
30	37	-21.79011265
30	38	-42.22652319
30	39	-10.83820092
30	40	-3.771751692
30	41	2.285891226
30	42	-0.157414448
30	43	-1.457386256
30	44	3.897169262
30	45	9.683220604
30	46	1.07E+01
30	47	7.188065565
30	48	22.23758026
30	49	2.74E+01
31	20	2.266596266
31	21	1.254106905
31	22	-0.155056642
31	23	-1.134911928
31	24	0.635823044
31	25	-2.264530797
31	26	1.791663587
31	27	-3.820873855
31	28	-3.313460784
31	29	9.717692865
31	30	-8.35E-02
31	31	5.195796255
31	32	7.83E-05
31	33	-2.594181184
31	34	-3.590204366
31	35	-4.16E+00
31	36	-1.00E+01
31	37	-0.406436808
31	38	-11.9954822
31	39	-32.20167036
31	40	-2.286034454
31	41	1.268768642
31	42	0.148025116
31	43	-1.135437702
31	44	2.460860435
31	45	5.943725228
31	46	6.759339026
31	47	4.304696523
31	48	13.68565865
31	49	17.50267753
32	20	-0.147389777
32	21	0.155387325
32	22	0.500223898
32	23	0.571038656
32	24	-0.159401182
32	25	-6.64E-02
32	26	-0.447780703
32	27	0.106471657
32	28	-0.371094737
32	29	-1.577068981
32	30	-0.35935751
32	31	7.83E-05
32	32	2.999661168
32	33	-8.12E-03
32	34	-8.62E-02
32	35	0.823471997
32	36	-0.167207706
32	37	1.342512948
32	38	1.813604033
32	39	-1.704827428
32	40	-0.157744974
32	41	-0.147829544
32	42	0.497054005
32	43	-0.572041872
32	44	0.369307739
32	45	0.560559261
32	46	0.993652744
32	47	0.191333474
32	48	1.361646987
32	49	2.961057075
33	20	-1.457956886
33	21	-1.135449307
33	22	-0.571295057
33	23	7.21E-02
33	24	-0.245988096
33	25	1.752962094
33	26	-0.695253987
33	27	2.656165353
33	28	2.944260243
33	29	-4.95E+00
33	30	5.58E-02
33	31	-2.594181184
33	32	-8.12E-03
33	33	3.821419108
33	34	1.801834429
33	35	2.086543573
33	36	5.049364761
33	37	0.193004516
33	38	6.08E+00
33	39	16.35485842
33	40	1.456960191
33	41	-1.135119862
33	42	5.72E-01
33	43	7.09E-02
33	44	-1.29123973
33	45	-3.580406763
33	46	-3.58E+00
33	47	-2.892168657
33	48	-8.146657865
33	49	-8.72E+00
34	20	-0.314874616
34	21	-0.127336681
34	22	0.119713937
34	23	0.26027877
34	24	-0.111794412
34	25	0.272305043
34	26	-0.314767695
34	27	0.502886419
34	28	0.344117688
34	29	-1.538288713
34	30	-3.598857629
34	31	-3.590204366
34	32	-8.62E-02
34	33	1.801834429
34	34	3.71E+00
34	35	9.630804572
34	36	10.32806521
34	37	7.49E+00
34	38	22.37379507
34	39	26.17355865
34	40	2.867928352
34	41	-1.641784429
34	42	-8.11E-02
34	43	1.315564502
34	44	-3.044876769
34	45	-7.424555077
34	46	-8.367804475
34	47	-5.422663191
34	48	-17.08011655
34	49	-21.58517045
35	20	5.029594037
35	21	3.148942021
35	22	0.419644473
35	23	-1.73E+00
35	24	1.23E+00
35	25	-5.355130937
35	26	3.462155817
35	27	-8.696901282
35	28	-8.259498107
35	29	20.09636043
35	30	-20.26579013
35	31	-4.162849033
35	32	0.823471997
35	33	2.086543573
35	34	9.630804572
35	35	40.96196593
35	36	26.80583047
35	37	40.68558466
35	38	88.11594756
35	39	46.70332139
35	40	8.866931669
35	41	-5.293891534
35	42	0.202851545
35	43	3.600340575
35	44	-9.229461942
35	45	-22.81536717
35	46	-25.38326683
35	47	-16.86276979
35	48	-52.42025608
35	49	-65.1134881
36	20	-0.890784275
36	21	-0.360790764
36	22	0.337567189
36	23	0.735311468
36	24	-0.315995546
36	25	0.770853219
36	26	-0.889718585
36	27	1.423010172
36	28	0.974879666
36	29	-4.349673502
36	30	-10.0120806
36	31	-9.998222635
36	32	-0.167207706
36	33	5.049364761
36	34	10.32806521
36	35	26.80583047
36	36	28.7413935
36	37	20.85327534
36	38	62.28061657
36	39	72.8319568
36	40	7.980439337
36	41	-4.578273881
36	42	-0.205522302
36	43	3.640720338
36	44	-8.464543963
36	45	-20.653708
36	46	-23.26279163
36	47	-1.51E+01
36	48	-4.75E+01
36	49	-59.99121575
37	20	7.121616678
37	21	4.370145623
37	22	0.408697452
37	23	-2.639559482
37	24	1.783004955
37	25	-7.502674424
37	26	5.026666651
37	27	-12.26159064
37	28	-11.47546434
37	29	28.81108474
37	30	-21.79011265
37	31	-0.406436808
37	32	1.342512948
37	33	0.193004516
37	34	7.49E+00
37	35	40.68558466
37	36	20.85327534
37	37	4.34E+01
37	38	85.16048906
37	39	24.60611873
37	40	7.674762039
37	41	-4.691672057
37	42	0.403518873
37	43	2.881675281
37	44	-7.895761087
37	45	-19.67766549
37	46	-21.72513692
37	47	-14.64444512
37	48	-45.17760167
37	49	-55.54311909
38	20	9.03123365
38	21	5.758924754
38	22	9.72E-01
38	23	-2.874269164
38	24	2.152562203
38	25	-9.71E+00
38	26	6.069856197
38	27	-15.67868163
38	28	-15.09013971
38	29	35.66573568
38	30	-42.22652319
38	31	-11.9954822
38	32	1.813604033
38	33	6.075119775
38	34	22.37379507
38	35	88.11594756
38	36	62.28061657
38	37	85.16048906
38	38	191.4938849
38	39	117.8952094
38	40	19.95485593
38	41	-1.19E+01
38	42	3.62E-01
38	43	8.201594471
38	44	-20.80891874
38	45	-51.37450746
38	46	-57.22557819
38	47	-37.92934318
38	48	-118.0512085
38	49	-146.8725935
39	20	-10.0614567
39	21	-5.562129165
39	22	0.702830122
39	23	5.063947793
39	24	-2.825254064
39	25	10.04785398
39	26	-7.961235995
39	27	16.95870328
39	28	14.69598205
39	29	-43.16126322
39	30	-10.83820092
39	31	-32.20167036
39	32	-1.704827428
39	33	16.35485842
39	34	26.17355865
39	35	46.70332139
39	36	72.8319568
39	37	24.60611873
39	38	117.8952094
39	39	212.7829233
39	40	18.33703811
39	41	-10.25570648
39	42	-1.022543464
39	43	8.934286087
39	44	-19.67296061
39	45	-47.62617004
39	46	-54.04319428
39	47	-34.5640933
39	48	-109.6371757
39	49	-139.8105231
40	30	-3.771751692
40	31	-2.286034454
40	32	-0.157744974
40	33	1.456960191
40	34	2.867928352
40	35	8.866931669
40	36	7.980439337
40	37	7.674762039
40	38	19.95485593
40	39	18.33703811
40	40	10.41667727
40	41	-5.30E-02
40	42	-0.227419843
40	43	3.54E-02
40	44	-16.49247534
40	45	-2.93E+01
40	46	-4.35E+01
40	47	-14.44499149
40	48	-67.31820006
40	49	-121.1510374
40	50	-3.787654409
40	51	2.298146356
40	52	-0.163764658
40	53	-1.457052824
40	54	9.315607459
40	55	11.59507123
40	56	23.3777646
40	57	1.541463477
40	58	26.13475676
40	59	68.23856694
41	30	2.285891226
41	31	1.27E+00
41	32	-0.147829544
41	33	-1.135119862
41	34	-1.64E+00
41	35	-5.293891534
41	36	-4.578273881
41	37	-4.691672057
41	38	-11.86866611
41	39	-10.25570648
41	40	-5.30E-02
41	41	5.092199649
41	42	4.08E-05
41	43	-2.525370975
41	44	-4.587175204
41	45	-1.8266159
41	46	-11.01290956
41	47	4.572894473
41	48	-4.19E+00
41	49	-36.03313751
41	50	-2.298245043
41	51	1.28E+00
41	52	0.143357673
41	53	-1.135451152
41	54	5.764631833
41	55	7.039859657
41	56	14.41364334
41	57	0.779062196
41	58	15.81593338
41	59	42.0986235
42	30	-0.157414448
42	31	0.148025116
42	32	0.497054005
42	33	0.571890116
42	34	-8.11E-02
42	35	0.202851545
42	36	-2.06E-01
42	37	4.04E-01
42	38	0.3619162
42	39	-1.022543464
42	40	-0.227419843
42	41	4.08E-05
42	42	2.933463559
42	43	-5.15E-03
42	44	0.281588298
42	45	1.019749629
42	46	1.100106007
42	47	0.899946965
42	48	2.820491994
42	49	3.477702079
42	50	-0.163992398
42	51	-0.143222923
42	52	0.495037784
42	53	-0.572524723
42	54	0.63735125
42	55	0.510351223
42	56	1.488486802
42	57	-0.259828558
42	58	1.04190023
42	59	4.397526039
43	30	-1.457386256
43	31	-1.135437702
43	32	-0.572041872
43	33	7.09E-02
43	34	1.315564502
43	35	3.600340575
43	36	3.640720338
43	37	2.881675281
43	38	8.201594471
43	39	8.934286087
43	40	3.54E-02
43	41	-2.525370975
43	42	-5.15E-03
43	43	3.759038455
43	44	2.273580946
43	45	0.89501391
43	46	5.490742576
43	47	-2.30444218
43	48	2.078642442
43	49	18.07705798
43	50	1.45675925
43	51	-1.135232162
43	52	0.572420177
43	53	7.01E-02
43	54	-3.340447817
43	55	-4.452490706
43	56	-8.499655504
43	57	-9.33E-01
43	58	-1.01E+01
43	59	-24.75881416
44	30	3.897169262
44	31	2.460860435
44	32	0.369307739
44	33	-1.29123973
44	34	-3.044876769
44	35	-9.229461942
44	36	-8.464543963
44	37	-7.895761087
44	38	-20.80891874
44	39	-19.67296061
44	40	-16.49247534
44	41	-4.587175204
44	42	2.82E-01
44	43	2.273580946
44	44	30.39941877
44	45	4.81E+01
44	46	79.14058249
44	47	18.72686188
44	48	110.706697
44	49	225.415467
44	50	8.131233758
44	51	-4.821839291
44	52	0.118484938
44	53	3.369224972
44	54	-20.10623056
44	55	-24.89609666
44	56	-50.40635159
44	57	-3.159094073
44	58	-5.61E+01
44	59	-147.1585653
45	30	9.683220604
45	31	5.94E+00
45	32	0.560559261
45	33	-3.580406763
45	34	-7.424555077
45	35	-22.81536717
45	36	-20.653708
45	37	-19.67766549
45	38	-51.37450746
45	39	-47.62617004
45	40	-29.26328323
45	41	-1.8266159
45	42	1.019749629
45	43	0.89501391
45	44	48.13386555
45	45	8.30E+01
45	46	1.27E+02
45	47	38.91020514
45	48	191.0501414
45	49	354.6743823
45	50	11.50937169
45	51	-6.97136554
45	52	0.472175334
45	53	4.455378969
45	54	-28.31838272
45	55	-35.23394065
45	56	-71.06043149
45	57	-4.668079303
45	58	-79.41051996
45	59	-207.4248125
46	30	10.72120149
46	31	6.759339026
46	32	0.993652744
46	33	-3.576172708
46	34	-8.367804475
46	35	-25.38326683
46	36	-23.26279163
46	37	-21.72513692
46	38	-57.22557819
46	39	-54.04319428
46	40	-43.47856009
46	41	-11.01290956
46	42	1.100106007
46	43	5.490742576
46	44	79.14058249
46	45	126.5213568
46	46	2.06E+02
46	47	5.04E+01
46	48	291.0563126
46	49	586.5860627
46	50	20.9184132
46	51	-12.45588659
46	52	0.41096814
46	53	8.559483845
46	54	-51.67590849
46	55	-64.04591719
46	56	-129.574843
46	57	-8.195972682
46	58	-144.2519115
46	59	-378.2754805
47	30	7.19E+00
47	31	4.304696523
47	32	0.191333474
47	33	-2.89E+00
47	34	-5.422663191
47	35	-16.86276979
47	36	-15.09378358
47	37	-14.64444512
47	38	-37.92934318
47	39	-34.5640933
47	40	-14.44499149
47	41	4.572894473
47	42	0.899946965
47	43	-2.30444218
47	44	18.72686188
47	45	3.89E+01
47	46	50.39469401
47	47	24.124226
47	48	8.96E+01
47	49	135.7795403
47	50	3.151954841
47	51	-2.060651088
47	52	0.44477227
47	53	0.894739932
47	54	-7.609242232
47	55	-9.643654439
47	56	-19.16302976
47	57	-1.481877262
47	58	-21.8021872
47	59	-55.90318691
48	30	22.23758026
48	31	1.37E+01
48	32	1.36E+00
48	33	-8.146657865
48	34	-17.08011655
48	35	-52.42025608
48	36	-47.51071292
48	37	-45.17760167
48	38	-118.0512085
48	39	-109.6371757
48	40	-67.31820006
48	41	-4.191926844
48	42	2.820491994
48	43	2.078642442
48	44	110.706697
48	45	191.0501414
48	46	291.0563126
48	47	89.61387035
48	48	439.7083246
48	49	815.9687078
48	50	26.43468885
48	51	-16.05397701
48	52	1.171670524
48	53	10.14478014
48	54	-65.00091858
48	55	-80.92376592
48	56	-163.1286391
48	57	-10.77836956
48	58	-182.4054335
48	59	-476.1620132
49	30	27.44428475
49	31	1.75E+01
49	32	2.96E+00
49	33	-8.721379248
49	34	-21.58517045
49	35	-65.1134881
49	36	-59.99121575
49	37	-55.54311909
49	38	-146.8725935
49	39	-139.8105231
49	40	-121.1510374
49	41	-36.03313751
49	42	3.477702079
49	43	18.07705798
49	44	225.415467
49	45	3.55E+02
49	46	586.5860627
49	47	135.7795403
49	48	8.16E+02
49	49	1673.106708
49	50	60.70256359
49	51	-36.09985674
49	52	1.096367455
49	53	24.94124322
49	54	-150.0007751
49	55	-185.8549321
49	56	-376.0993129
49	57	-23.72270626
49	58	-418.5848659
49	59	-1097.979384
50	40	-3.79E+00
50	41	-2.298245043
50	42	-0.163992398
50	43	1.46E+00
50	44	8.131233758
50	45	11.50937169
50	46	20.9184132
50	47	3.151954841
50	48	26.43468885
50	49	60.70256359
50	50	10.02450419
50	51	-3.87E-02
50	52	-0.136551537
50	53	2.59E-02
50	54	-30.45280954
50	55	-29.09825996
50	56	-7.14E+01
50	57	5.46E+00
50	58	-60.68987499
50	59	-205.1148405
50	60	-3.799212323
50	61	2.307049023
50	62	-0.168370202
50	63	-1.456822952
50	64	14.90614839
50	65	9.586267386
50	66	31.80726103
50	67	-7.92856464
50	68	16.32348949
50	69	88.24471638
51	40	2.298146356
51	41	1.278088308
51	42	-0.143222923
51	43	-1.135232162
51	44	-4.821839291
51	45	-6.97136554
51	46	-12.45588659
51	47	-2.060651088
51	48	-16.05397701
51	49	-36.09985674
51	50	-3.87E-02
51	51	5.022054159
51	52	4.78E-05
51	53	-2.478592096
51	54	-4.693689582
51	55	1.504307812
51	56	-7.50E+00
51	57	7.94E+00
51	58	7.517900817
51	59	-19.02056966
51	60	-2.307123781
51	61	1.28486172
51	62	0.139971212
51	63	-1.135470275
51	64	9.159058006
51	65	5.745512613
51	66	19.42202643
51	67	-5.018517425
51	68	9.599639801
51	69	53.70200995
52	40	-1.64E-01
52	41	0.143357673
52	42	0.495037784
52	43	5.72E-01
52	44	0.118484938
52	45	0.472175334
52	46	0.41096814
52	47	0.44477227
52	48	1.171670524
52	49	1.096367455
52	50	-0.136551537
52	51	4.78E-05
52	52	2.888043103
52	53	-3.77E-03
52	54	0.43810097
52	55	8.31E-01
52	56	1.615343681
52	57	0.201259989
52	58	2.31E+00
52	59	5.865708441
52	60	-0.168542719
52	61	-0.139869137
52	62	0.493572482
52	63	-0.572880204
52	64	0.884561662
52	65	0.26639871
52	66	1.632287758
52	67	-0.776904281
52	68	6.94E-02
52	69	4.147555669
53	40	-1.457052824
53	41	-1.14E+00
53	42	-5.73E-01
53	43	7.01E-02
53	44	3.369224972
53	45	4.455378969
53	46	8.559483845
53	47	0.894739932
53	48	10.14478014
53	49	24.94124322
53	50	2.59E-02
53	51	-2.478592096
53	52	-3.77E-03
53	53	3.716536024
53	54	2.305455141
53	55	-0.763687046
53	56	3.695271926
53	57	-3.956443601
53	58	-3.776034119
53	59	9.423353189
53	60	1.456600564
53	61	-1.135304387
53	62	0.57280101
53	63	6.96E-02
53	64	-5.483990407
53	65	-3.84134647
53	66	-11.96865487
53	67	2.599273145
53	68	-6.941077992
53	69	-33.60519963
54	40	9.315607459
54	41	5.764631833
54	42	0.63735125
54	43	-3.340447817
54	44	-20.10623056
54	45	-28.31838272
54	46	-51.67590849
54	47	-7.609242232
54	48	-65.00091858
54	49	-150.0007751
54	50	-30.45280954
54	51	-4.693689582
54	52	0.43810097
54	53	2.305455141
54	54	97.12014385
54	55	87.06555854
54	56	224.272595
54	57	-24.21437147
54	58	177.3994669
54	59	642.1107756
54	60	13.76518341
54	61	-8.250629199
54	62	0.384270241
54	63	5.512287849
54	64	-54.10725994
54	65	-34.66196818
54	66	-115.3424154
54	67	28.91639024
54	68	-58.85112901
54	69	-319.8319161
55	40	11.59507123
55	41	7.039859657
55	42	0.510351223
55	43	-4.452490706
55	44	-24.89609666
55	45	-35.23394065
55	46	-64.04591719
55	47	-9.643654439
55	48	-80.92376592
55	49	-185.8549321
55	50	-29.09825996
55	51	1.504307812
55	52	0.831000498
55	53	-0.763687046
55	54	87.06555854
55	55	84.91527133
55	56	205.1146032
55	57	-13.60260747
55	58	178.4079197
55	59	590.3601002
55	60	10.35097398
55	61	-6.353978278
55	62	0.600809885
55	63	3.823541277
55	64	-40.54880221
55	65	-26.16262543
55	66	-86.59640367
55	67	21.48134589
55	68	-44.65811385
55	69	-240.3567064
56	40	23.3777646
56	41	14.41364334
56	42	1.488486802
56	43	-8.499655504
56	44	-50.40635159
56	45	-71.06043149
56	46	-129.574843
56	47	-19.16302976
56	48	-163.1286391
56	49	-376.0993129
56	50	-71.37232969
56	51	-7.500869871
56	52	1.615343681
56	53	3.695271926
56	54	224.272595
56	55	205.1146032
56	56	520.3404977
56	57	-51.1469126
56	58	421.1502717
56	59	1491.737773
56	60	30.60086173
56	61	-18.46121724
56	62	1.102665144
56	63	11.99937123
56	64	-120.17358
56	65	-77.13397625
56	66	-256.3038781
56	67	64.07311073
56	68	-131.1524289
56	69	-710.8899797
57	40	1.541463477
57	41	0.779062196
57	42	-0.259828558
57	43	-0.932624192
57	44	-3.159094073
57	45	-4.668079303
57	46	-8.195972682
57	47	-1.481877262
57	48	-10.77836956
57	49	-23.72270626
57	50	5.46080988
57	51	7.940391896
57	52	0.201259989
57	53	-3.956443601
57	54	-24.21437147
57	55	-13.60260747
57	56	-51.1469126
57	57	15.62355962
57	58	-21.37073754
57	59	-142.852977
57	60	-5.776839321
57	61	3.305773515
57	62	0.165541768
57	63	-2.651251864
57	64	22.85178818
57	65	14.4441347
57	66	48.54969246
57	67	-12.41047288
57	68	24.27540411
57	69	134.3778965
58	40	26.13475676
58	41	15.81593338
58	42	1.04190023
58	43	-10.14999637
58	44	-56.0651035
58	45	-79.41051996
58	46	-144.2519115
58	47	-21.8021872
58	48	-182.4054335
58	49	-418.5848659
58	50	-60.68987499
58	51	7.517900817
58	52	2.310074291
58	53	-3.776034119
58	54	177.3994669
58	55	178.4079197
58	56	421.1502717
58	57	-21.37073754
58	58	378.7535212
58	59	1214.638256
58	60	19.516628
58	61	-12.14079644
58	62	1.466704006
58	63	6.865523263
58	64	-76.30628661
58	65	-49.43425093
58	66	-163.1292913
58	67	40.2212031
58	68	-84.63516307
58	69	-453.0327051
59	40	68.23856694
59	41	42.0986235
59	42	4.397526039
59	43	-24.75881416
59	44	-147.1585653
59	45	-207.4248125
59	46	-378.2754805
59	47	-55.90318691
59	48	-476.1620132
59	49	-1097.979384
59	50	-205.1148405
59	51	-19.02056966
59	52	5.865708441
59	53	9.423353189
59	54	642.1107756
59	55	590.3601002
59	56	1491.737773
59	57	-142.852977
59	58	1214.638256
59	59	4278.362405
59	60	86.68351424
59	61	-52.45779332
59	62	3.460280252
59	63	33.64730796
59	64	-340.2677272
59	65	-218.6049894
59	66	-725.8872204
59	67	181.2157485
59	68	-371.9561944
59	69	-2013.591498
60	50	-3.799212323
60	51	-2.307123781
60	52	-0.168542719
60	53	1.456600564
60	54	13.76518341
60	55	10.35097398
60	56	30.60086173
60	57	-5.776839321
60	58	19.516628
60	59	86.68351424
60	60	9.72829144
60	61	-3.03E-02
60	62	-6.77E-02
60	63	2.03E-02
60	64	-43.25967555
60	65	-19.10576391
60	66	-83.32352295
60	67	30.5067566
60	68	-21.31096517
60	69	-216.0641348
60	70	-3.808248123
60	71	2.314007203
60	72	-0.171966599
60	73	-1.456648629
60	74	19.90110432
60	75	3.772691078
60	76	32.70590271
60	77	-17.94372663
60	78	-5.103421991
60	79	74.12556258
61	50	2.307049023
61	51	1.28486172
61	52	-0.139869137
61	53	-1.135304387
61	54	-8.250629199
61	55	-6.353978278
61	56	-18.46121724
61	57	3.305773515
61	58	-12.14079644
61	59	-52.45779332
61	60	-3.03E-02
61	61	4.969197986
61	62	4.32E-05
61	63	-2.443286025
61	64	-4.154794056
61	65	4.711627369
61	66	-1.194095541
61	67	8.508787381
61	68	17.51761825
61	69	9.609750578
61	70	-2.314066831
61	71	1.290157081
61	72	0.137326159
61	73	-1.135489211
61	74	12.1826659
61	75	2.148169891
61	76	19.81519548
61	77	-11.08722042
61	78	-3.596513381
61	79	44.44313874
62	50	-0.168370202
62	51	0.139971212
62	52	0.493572482
62	53	0.57280101
62	54	0.384270241
62	55	0.600809885
62	56	1.102665144
62	57	0.165541768
62	58	1.466704006
62	59	3.460280252
62	60	-6.77E-02
62	61	4.32E-05
62	62	2.853693806
62	63	-2.95E-03
62	64	0.390752017
62	65	0.504349634
62	66	1.458987291
62	67	-0.302763862
62	68	1.160753862
62	69	5.336173543
62	70	-0.172104202
62	71	-0.137244742
62	72	0.492426886
62	73	-0.573159958
62	74	1.086596291
62	75	-0.130911567
62	76	1.354883327
62	77	-1.19386325
62	78	-1.264915141
62	79	2.095251026
63	50	-1.456822952
63	51	-1.135470275
63	52	-0.572880204
63	53	6.96E-02
63	54	5.512287849
63	55	3.823541277
63	56	11.99937123
63	57	-2.651251864
63	58	6.865523263
63	59	33.64730796
63	60	2.03E-02
63	61	-2.443286025
63	62	-2.95E-03
63	63	3.684438318
63	64	2.024513426
63	65	-2.338689508
63	66	0.553542432
63	67	-4.205772263
63	68	-8.699992275
63	69	-4.843972768
63	70	1.456471247
63	71	-1.135356897
63	72	0.573096794
63	73	6.91E-02
63	74	-7.417799974
63	75	-1.756076328
63	76	-12.63933143
63	77	6.46712563
63	78	0.878683575
63	79	-29.66201326
64	50	14.90614839
64	51	9.159058006
64	52	0.884561662
64	53	-5.483990407
64	54	-54.10725994
64	55	-40.54880221
64	56	-120.17358
64	57	22.85178818
64	58	-76.30628661
64	59	-340.2677272
64	60	-43.25967555
64	61	-4.154794056
64	62	0.390752017
64	63	2.024513426
64	64	196.0722927
64	65	80.95509806
64	66	371.8045
64	67	-143.0870329
64	68	79.73261672
64	69	953.1972941
64	70	18.93674715
64	71	-11.41470073
64	72	0.663395643
64	73	7.442170055
64	74	-99.03063287
64	75	-18.64565531
64	76	-162.5858824
64	77	89.37188123
64	78	25.76950469
64	79	-368.1196402
65	50	9.586267386
65	51	5.745512613
65	52	0.26639871
65	53	-3.84134647
65	54	-34.66196818
65	55	-26.16262543
65	56	-77.13397625
65	57	14.4441347
65	58	-49.43425093
65	59	-218.6049894
65	60	-19.10576391
65	61	4.711627369
65	62	0.504349634
65	63	-2.338689508
65	64	80.95509806
65	65	41.92638438
65	66	162.3958689
65	67	-51.86997196
65	68	58.32381999
65	69	433.2027196
65	70	5.274244499
65	71	-3.3433728
65	72	0.526740888
65	73	1.719808643
65	74	-27.4547285
65	75	-5.397519849
65	76	-45.36611128
65	77	24.63158375
65	78	6.475703756
65	79	-103.3769573
66	50	31.80726103
66	51	19.42202643
66	52	1.632287758
66	53	-11.96865487
66	54	-115.3424154
66	55	-86.59640367
66	56	-256.3038781
66	57	48.54969246
66	58	-163.1292913
66	59	-725.8872204
66	60	-83.32352295
66	61	-1.194095541
66	62	1.458987291
66	63	0.553542432
66	64	371.8045
66	65	162.3958689
66	66	714.367928
66	67	-263.8371318
66	68	177.737094
66	69	1849.171295
66	70	33.23857457
66	71	-20.23870869
66	72	1.587075358
66	73	12.62788627
66	74	-173.6653583
66	75	-32.98057431
66	76	-285.4802672
66	77	156.5473568
66	78	44.36339389
66	79	-647.1899096
67	50	-7.92856464
67	51	-5.018517425
67	52	-0.776904281
67	53	2.599273145
67	54	28.91639024
67	55	21.48134589
67	56	64.07311073
67	57	-12.41047288
67	58	40.2212031
67	59	181.2157485
67	60	30.5067566
67	61	8.508787381
67	62	-0.302763862
67	63	-4.205772263
67	64	-143.0870329
67	65	-51.86997196
67	66	-263.8371318
67	67	110.5659362
67	68	-36.64345499
67	69	-662.1979993
67	70	-15.96812176
67	71	9.514351302
67	72	-0.327828211
67	73	-6.515796476
67	74	83.59202086
67	75	15.5846438
67	76	137.0422365
67	77	-75.53731786
67	78	-22.20367867
67	79	309.8384968
68	50	16.32348949
68	51	9.599639801
68	52	6.94E-02
68	53	-6.941077992
68	54	-58.85112901
68	55	-44.65811385
68	56	-131.1524289
68	57	24.27540411
68	58	-84.63516307
68	59	-371.9561944
68	60	-21.31096517
68	61	17.51761825
68	62	1.160753862
68	63	-8.699992275
68	64	79.73261672
68	65	58.32381999
68	66	177.737094
68	67	-36.64345499
68	68	108.3341913
68	69	506.0613809
68	70	9.36E-02
68	71	-0.540389885
68	72	1.011750342
68	73	-1.004775195
68	74	-0.114307002
68	75	-0.694576763
68	76	-1.047499017
68	77	-0.325544031
68	78	-1.941104841
68	79	-4.3205081
69	50	88.24471638
69	51	53.70200995
69	52	4.147555669
69	53	-33.60519963
69	54	-319.8319161
69	55	-240.3567064
69	56	-710.8899797
69	57	134.3778965
69	58	-453.0327051
69	59	-2013.591498
69	60	-216.0641348
69	61	9.609750578
69	62	5.336173543
69	63	-4.843972768
69	64	953.1972941
69	65	433.2027196
69	66	1849.171295
69	67	-662.1979993
69	68	506.0613809
69	69	4819.978616
69	70	80.12990794
69	71	-49.22151029
69	72	4.722834092
69	73	29.51985799
69	74	-418.3299279
69	75	-80.0446127
69	76	-688.4395684
69	77	376.713547
69	78	105.1066657
69	79	-1562.443025
70	60	-3.808248123
70	61	-2.314066831
70	62	-0.172104202
70	63	1.456471247
70	64	18.93674715
70	65	5.274244499
70	66	33.23857457
70	67	-15.96812176
70	68	9.36E-02
70	69	80.12990794
70	70	9.491905182
70	71	-2.46E-02
70	72	-1.27E-02
70	73	1.65E-02
70	74	-53.56731672
70	75	-1.143689103
70	76	-74.9793466
70	77	52.44900545
70	78	38.92323002
70	79	-141.2406131
70	80	-3.815581404
70	81	2.319653625
70	82	-0.174883739
70	83	-1.456509261
70	84	23.84389193
70	85	-4.922668749
70	86	25.08208528
70	87	-25.38203812
70	88	-32.04283131
70	89	26.32387697
71	60	2.314007203
71	61	1.290157081
71	62	-0.137244742
71	63	-1.135356897
71	64	-11.41470073
71	65	-3.3433728
71	66	-20.23870869
71	67	9.514351302
71	68	-0.540389885
71	69	-49.22151029
71	70	-2.46E-02
71	71	4.927080193
71	72	3.84E-05
71	73	-2.415127088
71	74	-3.245293099
71	75	7.118149036
71	76	5.919608285
71	77	6.432684598
71	78	22.39058964
71	79	38.09213764
71	80	-2.319702382
71	81	1.294454697
71	82	0.135180442
71	83	-1.135506145
71	84	14.56239607
71	85	-3.182583452
71	86	15.025534
71	87	-15.54088855
71	88	-20.01885317
71	89	14.81483344
72	60	-0.171966599
72	61	0.137326159
72	62	0.492426886
72	63	0.573096794
72	64	0.663395643
72	65	0.526740888
72	66	1.587075358
72	67	-0.327828211
72	68	1.011750342
72	69	4.722834092
72	70	-1.27E-02
72	71	3.84E-05
72	72	2.826257954
72	73	-2.40E-03
72	74	0.194761896
72	75	0.250083031
72	76	0.980371844
72	77	-0.452214089
72	78	0.214743599
72	79	3.388222307
72	80	-0.174996253
72	81	-0.13511387
72	82	0.49149713
72	83	-0.573387734
72	84	1.231817723
72	85	-0.621935825
72	86	0.683526769
72	87	-1.392282714
72	88	-2.591993177
72	89	-1.276022024
73	60	-1.456648629
73	61	-1.135489211
73	62	-0.573159958
73	63	6.91E-02
73	64	7.442170055
73	65	1.719808643
73	66	12.62788627
73	67	-6.515796476
73	68	-1.004775195
73	69	29.51985799
73	70	1.65E-02
73	71	-2.415127088
73	72	-2.40E-03
73	73	3.658828134
73	74	1.568120989
73	75	-3.505137777
73	76	-2.947028068
73	77	-3.155154471
73	78	-11.04604652
73	79	-18.87056216
73	80	1.45636422
73	81	-1.135397956
73	82	0.573336088
73	83	6.88E-02
73	84	-8.958308996
73	85	1.468149411
73	86	-10.05986146
73	87	9.453658349
73	88	11.06899181
73	89	-12.62760575
74	60	19.90110432
74	61	12.1826659
74	62	1.086596291
74	63	-7.417799974
74	64	-99.03063287
74	65	-27.4547285
74	66	-173.6653583
74	67	83.59202086
74	68	-0.114307002
74	69	-418.3299279
74	70	-53.56731672
74	71	-3.245293099
74	72	0.194761896
74	73	1.568120989
74	74	304.6355293
74	75	1.578068185
74	76	419.2498383
74	77	-300.5229554
74	78	-235.0991329
74	79	771.3144292
74	80	23.12567694
74	81	-13.9903206
74	82	0.916344059
74	83	8.976836184
74	84	-144.5537433
74	85	29.94827752
74	86	-151.8863115
74	87	153.9019983
74	88	194.5265122
